4.230769
1.076923
3.692307
2.461538
4.000000
7.230769
6.384615
1.000000
4.692307
5.923076
2.615384
2.615384
1.923076
2.153846
3.769230
3.384615
6.692307
4.846153
6.923076
1.538461
.461538
5.615384
7.000000
3.153846
4.846153
7.384615
1.307692
2.846153
4.307692
2.692307
2.461538
4.153846
6.692307
1.615384
5.923076
3.615384
7.153846
.538461
6.538461
5.000000
4.076923
2.076923
1.769230
.538461
4.538461
3.615384
5.230769
6.076923
3.923076
3.769230
6.461538
1.769230
7.615384
.692307
3.769230
6.076923
4.769230
4.307692
1.230769
3.923076
7.538461
0
6.000000
5.923076
2.307692
4.461538
7.153846
3.076923
4.769230
2.307692
6.615384
4.846153
.153846
4.846153
6.846153
5.923076
.769230
6.692307
3.307692
1.307692
6.307692
2.538461
5.000000
7.538461
4.000000
1.307692
5.230769
3.000000
7.230769
3.076923
4.461538
6.076923
6.076923
.461538
.923076
7.461538
6.076923
0
3.076923
3.923076
1.000000
2.230769
4.615384
2.615384
.923076
2.769230
7.076923
1.153846
.461538
.769230
5.538461
5.307692
7.538461
.230769
1.615384
1.923076
.153846
6.307692
1.384615
.153846
7.153846
4.384615
5.769230
.769230
4.692307
7.153846
.461538
3.461538
7.230769
.153846
4.153846
.615384
4.615384
4.000000
1.692307
6.000000
5.384615
6.692307
0
5.076923
6.846153
6.538461
2.769230
6.230769
7.384615
2.384615
6.307692
5.384615
7.307692
.230769
