3.928571
1.000000
3.428571
2.285714
3.714285
6.714285
5.928571
.928571
4.357142
5.500000
2.428571
2.428571
1.785714
2.000000
3.500000
3.142857
6.214285
4.500000
6.428571
1.428571
.428571
5.214285
6.500000
2.928571
4.500000
6.857142
1.214285
2.642857
4.000000
2.500000
2.285714
3.857142
6.214285
1.500000
5.500000
3.357142
6.642857
.500000
6.071428
4.642857
3.785714
1.928571
1.642857
.500000
4.214285
3.357142
4.857142
5.642857
3.642857
3.500000
6.000000
1.642857
7.071428
.642857
3.500000
5.642857
4.428571
4.000000
1.142857
3.642857
7.000000
0
5.571428
5.500000
2.142857
4.142857
6.642857
2.857142
4.428571
2.142857
6.142857
4.500000
.142857
4.500000
6.357142
5.500000
.714285
6.214285
3.071428
1.214285
5.857142
2.357142
4.642857
7.000000
3.714285
1.214285
4.857142
2.785714
6.714285
2.857142
4.142857
5.642857
5.642857
.428571
.857142
6.928571
5.642857
0
2.857142
3.642857
.928571
2.071428
4.285714
2.428571
.857142
2.571428
6.571428
1.071428
.428571
.714285
5.142857
4.928571
7.000000
.214285
1.500000
1.785714
.142857
5.857142
1.285714
.142857
6.642857
4.071428
5.357142
.714285
4.357142
6.642857
.428571
3.214285
6.714285
.142857
3.857142
.571428
4.285714
3.714285
1.571428
5.571428
5.000000
6.214285
0
4.714285
6.357142
6.071428
2.571428
5.785714
6.857142
2.214285
5.857142
5.000000
6.785714
.214285
