3.666666
.933333
3.200000
2.133333
3.466666
6.266666
5.533333
.866666
4.066666
5.133333
2.266666
2.266666
1.666666
1.866666
3.266666
2.933333
5.800000
4.200000
6.000000
1.333333
.400000
4.866666
6.066666
2.733333
4.200000
6.400000
1.133333
2.466666
3.733333
2.333333
2.133333
3.600000
5.800000
1.400000
5.133333
3.133333
6.200000
.466666
5.666666
4.333333
3.533333
1.800000
1.533333
.466666
3.933333
3.133333
4.533333
5.266666
3.400000
3.266666
5.600000
1.533333
6.600000
.600000
3.266666
5.266666
4.133333
3.733333
1.066666
3.400000
6.533333
0
5.200000
5.133333
2.000000
3.866666
6.200000
2.666666
4.133333
2.000000
5.733333
4.200000
.133333
4.200000
5.933333
5.133333
.666666
5.800000
2.866666
1.133333
5.466666
2.200000
4.333333
6.533333
3.466666
1.133333
4.533333
2.600000
6.266666
2.666666
3.866666
5.266666
5.266666
.400000
.800000
6.466666
5.266666
0
2.666666
3.400000
.866666
1.933333
4.000000
2.266666
.800000
2.400000
6.133333
1.000000
.400000
.666666
4.800000
4.600000
6.533333
.200000
1.400000
1.666666
.133333
5.466666
1.200000
.133333
6.200000
3.800000
5.000000
.666666
4.066666
6.200000
.400000
3.000000
6.266666
.133333
3.600000
.533333
4.000000
3.466666
1.466666
5.200000
4.666666
5.800000
0
4.400000
5.933333
5.666666
2.400000
5.400000
6.400000
2.066666
5.466666
4.666666
6.333333
.200000
