4.583333
1.166666
4.000000
2.666666
4.333333
7.833333
6.916666
1.083333
5.083333
6.416666
2.833333
2.833333
2.083333
2.333333
4.083333
3.666666
7.250000
5.250000
7.500000
1.666666
.500000
6.083333
7.583333
3.416666
5.250000
8.000000
1.416666
3.083333
4.666666
2.916666
2.666666
4.500000
7.250000
1.750000
6.416666
3.916666
7.750000
.583333
7.083333
5.416666
4.416666
2.250000
1.916666
.583333
4.916666
3.916666
5.666666
6.583333
4.250000
4.083333
7.000000
1.916666
8.250000
.750000
4.083333
6.583333
5.166666
4.666666
1.333333
4.250000
8.166666
0
6.500000
6.416666
2.500000
4.833333
7.750000
3.333333
5.166666
2.500000
7.166666
5.250000
.166666
5.250000
7.416666
6.416666
.833333
7.250000
3.583333
1.416666
6.833333
2.750000
5.416666
8.166666
4.333333
1.416666
5.666666
3.250000
7.833333
3.333333
4.833333
6.583333
6.583333
.500000
1.000000
8.083333
6.583333
0
3.333333
4.250000
1.083333
2.416666
5.000000
2.833333
1.000000
3.000000
7.666666
1.250000
.500000
.833333
6.000000
5.750000
8.166666
.250000
1.750000
2.083333
.166666
6.833333
1.500000
.166666
7.750000
4.750000
6.250000
.833333
5.083333
7.750000
.500000
3.750000
7.833333
.166666
4.500000
.666666
5.000000
4.333333
1.833333
6.500000
5.833333
7.250000
0
5.500000
7.416666
7.083333
3.000000
6.750000
8.000000
2.583333
6.833333
5.833333
7.916666
.250000
