5.000000
1.272727
4.363636
2.909090
4.727272
8.545454
7.545454
1.181818
5.545454
7.000000
3.090909
3.090909
2.272727
2.545454
4.454545
4.000000
7.909090
5.727272
8.181818
1.818181
.545454
6.636363
8.272727
3.727272
5.727272
8.727272
1.545454
3.363636
5.090909
3.181818
2.909090
4.909090
7.909090
1.909090
7.000000
4.272727
8.454545
.636363
7.727272
5.909090
4.818181
2.454545
2.090909
.636363
5.363636
4.272727
6.181818
7.181818
4.636363
4.454545
7.636363
2.090909
9.000000
.818181
4.454545
7.181818
5.636363
5.090909
1.454545
4.636363
8.909090
0
7.090909
7.000000
2.727272
5.272727
8.454545
3.636363
5.636363
2.727272
7.818181
5.727272
.181818
5.727272
8.090909
7.000000
.909090
7.909090
3.909090
1.545454
7.454545
3.000000
5.909090
8.909090
4.727272
1.545454
6.181818
3.545454
8.545454
3.636363
5.272727
7.181818
7.181818
.545454
1.090909
8.818181
7.181818
0
3.636363
4.636363
1.181818
2.636363
5.454545
3.090909
1.090909
3.272727
8.363636
1.363636
.545454
.909090
6.545454
6.272727
8.909090
.272727
1.909090
2.272727
.181818
7.454545
1.636363
.181818
8.454545
5.181818
6.818181
.909090
5.545454
8.454545
.545454
4.090909
8.545454
.181818
4.909090
.727272
5.454545
4.727272
2.000000
7.090909
6.363636
7.909090
0
6.000000
8.090909
7.727272
3.272727
7.363636
8.727272
2.818181
7.454545
6.363636
8.636363
.272727
