7.857142
2.000000
6.857142
4.571428
7.428571
13.428571
11.857142
1.857142
8.714285
11.000000
4.857142
4.857142
3.571428
4.000000
7.000000
6.285714
12.428571
9.000000
12.857142
2.857142
.857142
10.428571
13.000000
5.857142
9.000000
13.714285
2.428571
5.285714
8.000000
5.000000
4.571428
7.714285
12.428571
3.000000
11.000000
6.714285
13.285714
1.000000
12.142857
9.285714
7.571428
3.857142
3.285714
1.000000
8.428571
6.714285
9.714285
11.285714
7.285714
7.000000
12.000000
3.285714
14.142857
1.285714
7.000000
11.285714
8.857142
8.000000
2.285714
7.285714
14.000000
0
11.142857
11.000000
4.285714
8.285714
13.285714
5.714285
8.857142
4.285714
12.285714
9.000000
.285714
9.000000
12.714285
11.000000
1.428571
12.428571
6.142857
2.428571
11.714285
4.714285
9.285714
14.000000
7.428571
2.428571
9.714285
5.571428
13.428571
5.714285
8.285714
11.285714
11.285714
.857142
1.714285
13.857142
11.285714
0
5.714285
7.285714
1.857142
4.142857
8.571428
4.857142
1.714285
5.142857
13.142857
2.142857
.857142
1.428571
10.285714
9.857142
14.000000
.428571
3.000000
3.571428
.285714
11.714285
2.571428
.285714
13.285714
8.142857
10.714285
1.428571
8.714285
13.285714
.857142
6.428571
13.428571
.285714
7.714285
1.142857
8.571428
7.428571
3.142857
11.142857
10.000000
12.428571
0
9.428571
12.714285
12.142857
5.142857
11.571428
13.714285
4.428571
11.714285
10.000000
13.571428
.428571
